WER: 1.000000
CER: 0.790323
